0,-40.0,5.0,63.0,75.0
1,-113.0,9.0,59.0,79.0
2,-22.0,7.0,51.0,53.0
3,-91.0,21.0,68.0,72.0
4,47.0,7.0,81.0,72.0
5,-81.0,15.0,63.0,69.0
6,1.0,11.0,63.0,70.0
7,200.0,0.0,68.0,60.0
8,-37.0,-15.0,55.0,68.0
9,-161.0,5.0,63.0,69.0
10,275.0,9.0,83.0,59.0
11,-112.0,-1.0,79.0,69.0
12,56.0,12.0,56.0,81.0
13,-17.0,2.0,60.0,61.0
14,33.0,-8.0,60.0,89.0
15,-9.0,7.0,71.0,91.0
16,-47.0,3.0,79.0,57.0
17,-134.0,3.0,61.0,64.0
18,64.0,10.0,57.0,90.0
19,-95.0,10.0,68.0,70.0
20,19.0,24.0,72.0,68.0
21,198.0,1.0,70.0,74.0
22,73.0,2.0,70.0,79.0
23,41.0,-19.0,64.0,79.0
24,-98.0,0.0,83.0,67.0
25,66.0,9.0,69.0,64.0
26,299.0,1.0,52.0,51.0
27,-148.0,3.0,84.0,62.0
28,-118.0,30.0,72.0,62.0
29,-157.0,17.0,68.0,59.0
30,-143.0,-12.0,76.0,59.0
31,56.0,14.0,62.0,87.0
32,104.0,14.0,61.0,59.0
33,-2.0,11.0,69.0,55.0
34,-175.0,0.0,57.0,57.0
35,58.0,10.0,60.0,72.0
36,90.0,9.0,73.0,86.0
37,-141.0,1.0,58.0,85.0
38,-34.0,5.0,62.0,72.0
39,147.0,3.0,57.0,90.0
40,-169.0,3.0,91.0,68.0
41,-65.0,22.0,70.0,70.0
42,-101.0,9.0,65.0,71.0
43,-81.0,13.0,56.0,57.0
44,223.0,16.0,59.0,72.0
45,95.0,-1.0,91.0,77.0
46,68.0,17.0,84.0,65.0
47,32.0,-11.0,68.0,69.0
48,-132.0,7.0,70.0,74.0
49,-87.0,-9.0,74.0,92.0
50,86.0,0.0,66.0,57.0
51,125.0,14.0,73.0,58.0
52,-43.0,8.0,59.0,70.0
53,251.0,-4.0,69.0,68.0
54,50.0,0.0,70.0,70.0
55,-79.0,26.0,63.0,47.0
56,-12.0,12.0,62.0,65.0
57,1.0,-8.0,63.0,70.0
58,-167.0,-3.0,81.0,78.0
59,170.0,-2.0,54.0,85.0
60,-14.0,-17.0,62.0,50.0
61,81.0,5.0,64.0,72.0
62,100.0,-25.0,60.0,70.0
63,-70.0,11.0,75.0,72.0
64,-27.0,8.0,80.0,78.0
65,-219.0,0.0,49.0,85.0
66,138.0,5.0,59.0,83.0
67,107.0,10.0,54.0,72.0
68,104.0,12.0,93.0,69.0
69,63.0,14.0,74.0,64.0
70,-32.0,-4.0,73.0,70.0
71,128.0,-17.0,55.0,77.0
72,220.0,10.0,78.0,62.0
73,-117.0,1.0,68.0,86.0
74,125.0,3.0,66.0,64.0
75,-55.0,3.0,85.0,74.0
76,-55.0,-12.0,71.0,78.0
77,176.0,13.0,71.0,79.0
78,154.0,-15.0,78.0,66.0
79,-347.0,11.0,68.0,56.0
80,-98.0,-24.0,85.0,57.0
81,-78.0,-6.0,79.0,80.0
82,-162.0,3.0,82.0,61.0
83,13.0,31.0,65.0,51.0
84,54.0,32.0,79.0,87.0
85,-50.0,-5.0,62.0,48.0
86,-40.0,1.0,72.0,78.0
87,53.0,6.0,84.0,87.0
88,-108.0,2.0,64.0,73.0
89,-10.0,3.0,86.0,74.0
90,227.0,31.0,53.0,43.0
91,43.0,-6.0,71.0,61.0
92,-241.0,-3.0,75.0,77.0
93,286.0,0.0,62.0,71.0
94,57.0,19.0,76.0,56.0
95,-239.0,19.0,67.0,71.0
96,-32.0,-5.0,58.0,74.0
97,-77.0,19.0,63.0,63.0
98,-146.0,17.0,80.0,78.0
99,310.0,17.0,59.0,69.0
100,-64.0,10.0,81.0,65.0
101,-5.0,4.0,73.0,69.0
102,-356.0,17.0,56.0,70.0
103,-175.0,14.0,71.0,76.0
104,208.0,12.0,53.0,70.0
105,38.0,12.0,83.0,77.0
106,48.0,-5.0,74.0,58.0
107,59.0,0.0,60.0,91.0
108,22.0,7.0,54.0,73.0
109,-200.0,0.0,85.0,73.0
110,71.0,6.0,40.0,64.0
111,4.0,-10.0,46.0,70.0
112,-117.0,16.0,74.0,71.0
113,-39.0,-5.0,62.0,78.0
114,18.0,13.0,77.0,83.0
115,-113.0,6.0,65.0,57.0
116,-17.0,16.0,88.0,56.0
117,-68.0,14.0,47.0,69.0
118,73.0,8.0,67.0,64.0
119,184.0,3.0,62.0,72.0
120,102.0,11.0,80.0,69.0
121,-40.0,4.0,89.0,78.0
122,-103.0,1.0,50.0,80.0
123,-32.0,4.0,71.0,70.0
124,47.0,-12.0,60.0,69.0
125,74.0,12.0,71.0,64.0
126,-189.0,-1.0,70.0,83.0
127,53.0,16.0,56.0,64.0
128,-128.0,-9.0,78.0,65.0
129,-194.0,-2.0,57.0,57.0
130,122.0,1.0,69.0,65.0
131,-43.0,0.0,81.0,84.0
132,158.0,-11.0,71.0,86.0
133,52.0,20.0,69.0,70.0
134,-62.0,31.0,78.0,65.0
135,-92.0,-1.0,71.0,67.0
136,-232.0,-3.0,59.0,84.0
137,-142.0,-13.0,67.0,64.0
138,4.0,-13.0,73.0,73.0
139,-43.0,4.0,85.0,65.0
140,-8.0,16.0,74.0,78.0
141,-65.0,23.0,64.0,78.0
142,-118.0,17.0,54.0,60.0
143,-96.0,5.0,69.0,71.0
144,172.0,0.0,72.0,59.0
145,32.0,6.0,78.0,43.0
146,-181.0,4.0,65.0,89.0
147,131.0,2.0,75.0,62.0
148,-38.0,20.0,55.0,70.0
149,166.0,9.0,66.0,61.0
150,-80.0,0.0,57.0,74.0
151,1.0,-10.0,49.0,53.0
152,6.0,-8.0,75.0,70.0
153,12.0,0.0,75.0,65.0
154,-181.0,9.0,66.0,88.0
155,-53.0,7.0,60.0,73.0
156,-43.0,18.0,56.0,55.0
157,212.0,-12.0,77.0,73.0
158,-44.0,15.0,71.0,51.0
159,0.0,0.0,68.0,73.0
160,17.0,18.0,79.0,80.0
161,-75.0,8.0,73.0,68.0
162,114.0,3.0,66.0,66.0
163,31.0,9.0,52.0,59.0
164,-9.0,1.0,74.0,65.0
165,-107.0,-3.0,71.0,65.0
166,54.0,10.0,59.0,68.0
167,-41.0,8.0,68.0,70.0
168,5.0,18.0,74.0,79.0
169,-12.0,-1.0,82.0,61.0
170,231.0,24.0,82.0,94.0
171,0.0,19.0,66.0,55.0
172,25.0,8.0,76.0,83.0
173,64.0,8.0,77.0,69.0
174,248.0,4.0,75.0,52.0
175,14.0,-9.0,83.0,66.0
176,-105.0,-10.0,51.0,69.0
177,-73.0,13.0,74.0,54.0
178,216.0,-14.0,49.0,74.0
179,99.0,9.0,58.0,60.0
180,-198.0,7.0,57.0,57.0
181,-10.0,4.0,90.0,74.0
182,166.0,-1.0,66.0,85.0
183,114.0,17.0,63.0,69.0
184,191.0,-10.0,72.0,80.0
185,-69.0,-4.0,65.0,55.0
186,-119.0,-2.0,81.0,71.0
187,-112.0,-2.0,53.0,83.0
188,-253.0,6.0,84.0,78.0
189,-8.0,-17.0,76.0,70.0
190,21.0,-21.0,75.0,74.0
191,58.0,19.0,60.0,87.0
192,-8.0,0.0,83.0,71.0
193,23.0,-2.0,61.0,57.0
194,83.0,9.0,105.0,66.0
195,16.0,10.0,64.0,69.0
196,-96.0,13.0,55.0,76.0
197,54.0,18.0,59.0,86.0
198,139.0,4.0,60.0,67.0
199,14.0,1.0,70.0,67.0
200,72.0,4.0,81.0,77.0
201,-86.0,25.0,70.0,82.0
202,103.0,6.0,70.0,58.0
203,8.0,-4.0,77.0,67.0
204,31.0,5.0,73.0,81.0
205,-55.0,-13.0,72.0,55.0
206,-215.0,19.0,72.0,82.0
207,221.0,-7.0,84.0,64.0
208,-82.0,9.0,49.0,85.0
209,-30.0,11.0,57.0,67.0
210,7.0,3.0,69.0,85.0
211,197.0,7.0,76.0,83.0
212,29.0,-6.0,64.0,72.0
213,155.0,1.0,82.0,92.0
214,-73.0,-2.0,75.0,55.0
215,71.0,-11.0,71.0,54.0
216,-129.0,11.0,67.0,60.0
217,46.0,14.0,61.0,66.0
218,98.0,-2.0,64.0,93.0
219,1.0,12.0,59.0,69.0
220,-53.0,-27.0,80.0,75.0
221,-44.0,6.0,70.0,76.0
222,97.0,-11.0,69.0,70.0
223,168.0,-15.0,55.0,61.0
224,-132.0,-5.0,57.0,65.0
225,147.0,-8.0,55.0,77.0
226,-227.0,17.0,92.0,64.0
227,159.0,5.0,81.0,57.0
228,-13.0,12.0,63.0,78.0
229,15.0,0.0,68.0,76.0
230,84.0,13.0,72.0,63.0
231,73.0,-5.0,71.0,56.0
232,75.0,5.0,51.0,63.0
233,32.0,2.0,80.0,62.0
234,-94.0,-4.0,74.0,80.0
235,-228.0,1.0,50.0,57.0
236,-58.0,15.0,76.0,50.0
237,178.0,17.0,68.0,79.0
238,115.0,8.0,69.0,63.0
239,-8.0,-3.0,78.0,69.0
240,106.0,1.0,62.0,63.0
241,143.0,-2.0,67.0,52.0
242,157.0,6.0,66.0,72.0
243,-73.0,17.0,74.0,55.0
244,-38.0,7.0,53.0,70.0
245,-97.0,-9.0,84.0,84.0
246,68.0,-3.0,73.0,51.0
247,34.0,12.0,56.0,91.0
248,111.0,10.0,81.0,89.0
249,-71.0,12.0,88.0,55.0
250,97.0,4.0,60.0,82.0
251,-9.0,2.0,73.0,68.0
252,-130.0,-1.0,62.0,91.0
253,26.0,10.0,94.0,61.0
254,7.0,1.0,76.0,76.0
255,219.0,-1.0,64.0,58.0
0,157.0,8.0,70.0,79.0
1,152.0,16.0,79.0,86.0
2,-50.0,3.0,87.0,80.0
3,-127.0,-16.0,69.0,69.0
4,-124.0,3.0,61.0,85.0
5,119.0,9.0,61.0,67.0
6,183.0,-8.0,49.0,63.0
7,-3.0,16.0,66.0,73.0
8,49.0,11.0,43.0,74.0
9,-49.0,-11.0,67.0,82.0
10,139.0,12.0,66.0,78.0
11,-110.0,-1.0,91.0,77.0
12,125.0,26.0,72.0,88.0
13,-114.0,0.0,86.0,73.0
14,-164.0,10.0,67.0,60.0
15,23.0,7.0,88.0,57.0
16,145.0,-1.0,79.0,70.0
17,-107.0,0.0,57.0,69.0
18,-35.0,-27.0,51.0,86.0
19,-17.0,1.0,88.0,66.0
20,29.0,11.0,69.0,68.0
21,119.0,13.0,82.0,58.0
22,90.0,3.0,54.0,65.0
23,40.0,1.0,47.0,72.0
24,-21.0,-17.0,89.0,83.0
25,37.0,7.0,72.0,87.0
26,-81.0,18.0,63.0,90.0
27,-181.0,5.0,69.0,64.0
28,121.0,2.0,53.0,86.0
29,128.0,-3.0,66.0,90.0
30,-74.0,12.0,69.0,68.0
31,176.0,8.0,60.0,88.0
32,-47.0,14.0,66.0,69.0
33,-113.0,-3.0,68.0,82.0
34,121.0,8.0,57.0,74.0
35,-55.0,-21.0,46.0,83.0
36,-104.0,0.0,68.0,68.0
37,109.0,-1.0,71.0,58.0
38,61.0,-14.0,65.0,76.0
39,12.0,-10.0,73.0,78.0
40,-127.0,0.0,67.0,77.0
41,171.0,12.0,67.0,74.0
42,71.0,-2.0,66.0,88.0
43,24.0,8.0,52.0,82.0
44,-142.0,-4.0,61.0,73.0
45,162.0,11.0,69.0,67.0
46,-162.0,0.0,72.0,71.0
47,125.0,16.0,65.0,78.0
48,-108.0,6.0,97.0,60.0
49,125.0,4.0,79.0,71.0
50,-115.0,-2.0,80.0,80.0
51,-290.0,-9.0,65.0,64.0
52,89.0,-17.0,69.0,63.0
53,-90.0,8.0,81.0,69.0
54,81.0,-4.0,78.0,78.0
55,-162.0,-9.0,62.0,80.0
56,-30.0,9.0,77.0,47.0
57,-154.0,3.0,50.0,67.0
58,-95.0,8.0,66.0,54.0
59,99.0,15.0,68.0,64.0
60,-136.0,-5.0,68.0,58.0
61,179.0,1.0,52.0,64.0
62,0.0,-4.0,81.0,78.0
63,67.0,9.0,64.0,43.0
64,186.0,16.0,83.0,53.0
65,95.0,20.0,72.0,79.0
66,-68.0,-7.0,52.0,73.0
67,-139.0,24.0,50.0,82.0
68,-189.0,5.0,68.0,97.0
69,166.0,15.0,49.0,59.0
70,0.0,-14.0,87.0,101.0
71,68.0,-4.0,62.0,55.0
72,-148.0,16.0,79.0,51.0
73,3.0,-16.0,71.0,70.0
74,227.0,1.0,60.0,85.0
75,-15.0,-8.0,62.0,47.0
76,-85.0,11.0,78.0,73.0
77,50.0,4.0,67.0,55.0
78,-134.0,6.0,65.0,78.0
79,134.0,9.0,67.0,69.0
80,155.0,15.0,65.0,82.0
81,-73.0,9.0,80.0,68.0
82,-145.0,4.0,80.0,64.0
83,-52.0,15.0,69.0,67.0
84,9.0,14.0,59.0,77.0
85,61.0,0.0,64.0,71.0
86,190.0,-2.0,76.0,77.0
87,3.0,-6.0,73.0,56.0
88,79.0,0.0,45.0,61.0
89,42.0,27.0,78.0,51.0
90,-3.0,17.0,76.0,81.0
91,65.0,40.0,73.0,90.0
92,-322.0,-9.0,72.0,71.0
93,55.0,-10.0,90.0,72.0
94,-20.0,-4.0,66.0,83.0
95,-64.0,-4.0,50.0,71.0
96,126.0,12.0,54.0,67.0
97,-55.0,5.0,67.0,71.0
98,50.0,9.0,52.0,63.0
99,-82.0,3.0,61.0,72.0
100,-28.0,20.0,70.0,53.0
101,-119.0,13.0,73.0,58.0
102,-36.0,-10.0,58.0,71.0
103,101.0,13.0,70.0,70.0
104,-63.0,-6.0,61.0,60.0
105,-105.0,3.0,57.0,83.0
106,-62.0,8.0,64.0,71.0
107,-61.0,3.0,85.0,76.0
108,148.0,6.0,50.0,55.0
109,-38.0,-11.0,73.0,56.0
110,24.0,-7.0,48.0,69.0
111,72.0,12.0,56.0,73.0
112,97.0,14.0,65.0,61.0
113,90.0,-4.0,61.0,71.0
114,63.0,7.0,58.0,55.0
115,38.0,-11.0,52.0,90.0
116,101.0,2.0,75.0,87.0
117,-60.0,9.0,60.0,94.0
118,-193.0,11.0,67.0,78.0
119,35.0,-5.0,66.0,58.0
120,-48.0,4.0,67.0,67.0
121,-57.0,-6.0,81.0,56.0
122,34.0,18.0,82.0,92.0
123,-54.0,-2.0,75.0,60.0
124,-181.0,13.0,91.0,59.0
125,198.0,8.0,52.0,59.0
126,-49.0,9.0,64.0,54.0
127,9.0,24.0,55.0,69.0
128,-93.0,4.0,74.0,29.0
129,-41.0,0.0,57.0,60.0
130,102.0,10.0,72.0,70.0
131,83.0,26.0,77.0,68.0
132,-48.0,10.0,68.0,78.0
133,74.0,-11.0,84.0,76.0
134,103.0,-17.0,88.0,73.0
135,-19.0,14.0,76.0,74.0
136,-172.0,16.0,65.0,72.0
137,-87.0,8.0,62.0,76.0
138,10.0,3.0,49.0,68.0
139,-55.0,0.0,100.0,77.0
140,-163.0,-12.0,59.0,86.0
141,18.0,-9.0,55.0,66.0
142,-78.0,14.0,52.0,85.0
143,192.0,-1.0,59.0,87.0
144,-183.0,9.0,62.0,68.0
145,-54.0,0.0,69.0,80.0
146,30.0,-20.0,81.0,67.0
147,48.0,-17.0,71.0,75.0
148,-87.0,-26.0,65.0,65.0
149,-11.0,-16.0,54.0,59.0
150,62.0,-1.0,73.0,79.0
151,3.0,11.0,53.0,89.0
152,19.0,0.0,76.0,81.0
153,-43.0,-13.0,64.0,67.0
154,-136.0,-9.0,56.0,53.0
155,-107.0,15.0,65.0,61.0
156,17.0,3.0,82.0,55.0
157,-83.0,-14.0,85.0,59.0
158,-137.0,-5.0,72.0,78.0
159,44.0,-4.0,63.0,52.0
160,48.0,-10.0,79.0,68.0
161,9.0,0.0,77.0,95.0
162,-39.0,-7.0,67.0,77.0
163,57.0,8.0,74.0,75.0
164,-76.0,2.0,70.0,56.0
165,-113.0,2.0,62.0,69.0
166,185.0,14.0,71.0,80.0
167,-202.0,24.0,51.0,69.0
168,-81.0,24.0,63.0,59.0
169,35.0,16.0,68.0,80.0
170,-40.0,-1.0,69.0,75.0
171,-170.0,9.0,49.0,75.0
172,11.0,-3.0,55.0,83.0
173,369.0,-12.0,67.0,79.0
174,10.0,7.0,40.0,73.0
175,-79.0,9.0,79.0,61.0
176,-128.0,13.0,69.0,88.0
177,68.0,-11.0,46.0,51.0
178,48.0,9.0,59.0,82.0
179,51.0,-1.0,48.0,65.0
180,-133.0,-7.0,73.0,69.0
181,16.0,2.0,68.0,67.0
182,-203.0,7.0,63.0,67.0
183,-192.0,4.0,63.0,70.0
184,-287.0,4.0,51.0,72.0
185,14.0,19.0,75.0,69.0
186,-104.0,8.0,69.0,71.0
187,-23.0,0.0,53.0,71.0
188,-179.0,-9.0,51.0,75.0
189,154.0,14.0,57.0,72.0
190,-66.0,-11.0,77.0,63.0
191,-107.0,4.0,72.0,74.0
192,72.0,15.0,60.0,67.0
193,30.0,-2.0,56.0,61.0
194,-85.0,-5.0,90.0,81.0
195,-118.0,-3.0,91.0,56.0
196,43.0,-28.0,62.0,58.0
197,101.0,-6.0,77.0,74.0
198,186.0,0.0,72.0,44.0
199,88.0,1.0,65.0,75.0
200,-29.0,10.0,74.0,68.0
201,-168.0,16.0,73.0,62.0
202,191.0,13.0,66.0,49.0
203,-98.0,9.0,62.0,70.0
204,68.0,3.0,59.0,71.0
205,-19.0,0.0,80.0,60.0
206,114.0,3.0,64.0,70.0
207,-256.0,10.0,67.0,64.0
208,55.0,1.0,97.0,60.0
209,-62.0,10.0,37.0,66.0
210,-1.0,8.0,59.0,80.0
211,-191.0,-10.0,66.0,82.0
212,117.0,7.0,72.0,67.0
213,41.0,0.0,78.0,71.0
214,-64.0,8.0,75.0,75.0
215,-159.0,8.0,53.0,60.0
216,32.0,7.0,69.0,69.0
217,0.0,1.0,87.0,79.0
218,63.0,5.0,70.0,85.0
219,104.0,23.0,71.0,74.0
220,-69.0,-3.0,52.0,80.0
221,82.0,18.0,95.0,79.0
222,114.0,10.0,72.0,91.0
223,-194.0,-6.0,67.0,84.0
224,80.0,6.0,50.0,72.0
225,19.0,2.0,78.0,48.0
226,84.0,-6.0,62.0,56.0
227,124.0,2.0,45.0,64.0
228,78.0,0.0,70.0,75.0
229,-158.0,2.0,67.0,73.0
230,-48.0,-11.0,66.0,77.0
231,54.0,11.0,67.0,79.0
232,-3.0,7.0,54.0,67.0
233,5.0,-7.0,73.0,71.0
234,-102.0,9.0,67.0,68.0
235,-36.0,6.0,53.0,46.0
236,7.0,-3.0,49.0,73.0
237,-231.0,7.0,62.0,59.0
238,-91.0,11.0,76.0,82.0
239,142.0,-5.0,86.0,62.0
240,86.0,-3.0,68.0,57.0
241,155.0,2.0,79.0,93.0
242,-14.0,4.0,72.0,80.0
243,101.0,-1.0,88.0,70.0
244,71.0,-7.0,77.0,86.0
245,-122.0,19.0,62.0,62.0
246,175.0,15.0,62.0,47.0
247,-162.0,1.0,52.0,87.0
248,90.0,7.0,66.0,68.0
249,-103.0,6.0,70.0,92.0
250,-99.0,15.0,71.0,104.0
251,-208.0,6.0,85.0,52.0
252,-32.0,7.0,77.0,70.0
253,58.0,13.0,49.0,74.0
254,-33.0,-5.0,68.0,80.0
255,-24.0,-2.0,89.0,63.0
0,-96.0,0.0,53.0,62.0
1,118.0,3.0,68.0,96.0
2,90.0,19.0,64.0,54.0
3,38.0,-7.0,85.0,65.0
4,77.0,-5.0,62.0,62.0
5,-55.0,-2.0,83.0,72.0
6,91.0,-3.0,62.0,66.0
7,139.0,-17.0,70.0,86.0
8,-143.0,5.0,63.0,61.0
9,5.0,16.0,66.0,69.0
10,-93.0,-4.0,59.0,86.0
11,99.0,14.0,71.0,57.0
12,-112.0,-12.0,65.0,63.0
13,-323.0,-8.0,73.0,66.0
14,113.0,0.0,83.0,77.0
15,142.0,-1.0,80.0,69.0
16,87.0,12.0,82.0,82.0
17,66.0,27.0,74.0,73.0
18,98.0,-3.0,46.0,49.0
19,195.0,2.0,75.0,54.0
20,11.0,13.0,71.0,65.0
21,-128.0,-7.0,66.0,70.0
22,12.0,30.0,69.0,77.0
23,-63.0,-12.0,63.0,29.0
24,-189.0,7.0,83.0,62.0
25,-99.0,18.0,61.0,72.0
26,0.0,14.0,62.0,54.0
27,174.0,0.0,95.0,77.0
28,172.0,-2.0,77.0,60.0
29,102.0,-9.0,59.0,78.0
30,-54.0,14.0,63.0,51.0
31,-172.0,6.0,61.0,69.0
32,7.0,-9.0,81.0,61.0
33,19.0,16.0,55.0,76.0
34,-20.0,9.0,61.0,66.0
35,-144.0,-9.0,50.0,75.0
36,82.0,13.0,58.0,59.0
37,177.0,-20.0,89.0,60.0
38,-16.0,1.0,67.0,56.0
39,158.0,-16.0,66.0,62.0
40,20.0,-4.0,65.0,77.0
41,194.0,10.0,56.0,54.0
42,-188.0,31.0,66.0,72.0
43,56.0,-3.0,76.0,77.0
44,17.0,-5.0,60.0,42.0
45,-124.0,-3.0,55.0,61.0
46,135.0,15.0,76.0,82.0
47,89.0,2.0,64.0,52.0
48,-85.0,5.0,69.0,69.0
49,258.0,-16.0,71.0,66.0
50,85.0,-8.0,70.0,60.0
51,52.0,23.0,74.0,62.0
52,119.0,-8.0,61.0,63.0
53,98.0,12.0,54.0,77.0
54,73.0,20.0,84.0,56.0
55,-65.0,-8.0,58.0,78.0
56,30.0,-3.0,56.0,55.0
57,4.0,17.0,69.0,62.0
58,-63.0,25.0,65.0,69.0
59,57.0,6.0,63.0,60.0
60,-186.0,7.0,70.0,72.0
61,111.0,13.0,73.0,81.0
62,160.0,8.0,73.0,50.0
63,-84.0,5.0,76.0,77.0
64,-97.0,-13.0,79.0,64.0
65,41.0,9.0,80.0,94.0
66,-158.0,29.0,76.0,74.0
67,185.0,23.0,55.0,80.0
68,73.0,20.0,63.0,70.0
69,166.0,11.0,63.0,51.0
70,19.0,15.0,69.0,59.0
71,173.0,0.0,44.0,60.0
72,-8.0,5.0,58.0,69.0
73,260.0,1.0,61.0,70.0
74,140.0,-3.0,68.0,67.0
75,75.0,5.0,85.0,82.0
76,37.0,11.0,69.0,65.0
77,45.0,2.0,72.0,78.0
78,-28.0,0.0,60.0,79.0
79,-233.0,11.0,45.0,37.0
80,157.0,-4.0,51.0,57.0
81,30.0,-4.0,67.0,78.0
82,-7.0,14.0,56.0,56.0
83,-9.0,7.0,86.0,64.0
84,79.0,-3.0,57.0,87.0
85,-79.0,10.0,66.0,57.0
86,177.0,2.0,70.0,73.0
87,323.0,9.0,79.0,68.0
88,-101.0,0.0,68.0,59.0
89,-51.0,-10.0,61.0,75.0
90,51.0,2.0,72.0,63.0
91,138.0,-2.0,60.0,70.0
92,175.0,26.0,57.0,76.0
93,-48.0,10.0,58.0,70.0
94,63.0,14.0,57.0,68.0
95,-40.0,27.0,65.0,53.0
96,214.0,5.0,63.0,83.0
97,-59.0,16.0,58.0,83.0
98,-183.0,4.0,50.0,82.0
99,-116.0,8.0,56.0,61.0
100,-221.0,18.0,74.0,79.0
101,-13.0,4.0,68.0,60.0
102,134.0,1.0,79.0,62.0
103,73.0,9.0,66.0,93.0
104,123.0,8.0,83.0,66.0
105,62.0,13.0,57.0,74.0
106,-102.0,0.0,70.0,72.0
107,178.0,10.0,71.0,65.0
108,63.0,0.0,51.0,67.0
109,-3.0,27.0,73.0,74.0
110,66.0,-1.0,74.0,63.0
111,106.0,-3.0,67.0,61.0
112,88.0,17.0,78.0,70.0
113,-99.0,0.0,61.0,77.0
114,165.0,13.0,64.0,71.0
115,1.0,19.0,60.0,76.0
116,182.0,15.0,58.0,63.0
117,-28.0,11.0,70.0,70.0
118,-39.0,-6.0,74.0,56.0
119,64.0,0.0,74.0,59.0
120,163.0,-8.0,71.0,73.0
121,34.0,8.0,71.0,84.0
122,63.0,2.0,69.0,49.0
123,-30.0,0.0,62.0,73.0
124,-128.0,12.0,58.0,78.0
125,156.0,19.0,69.0,85.0
126,-46.0,2.0,74.0,80.0
127,-202.0,-8.0,77.0,71.0
128,40.0,13.0,68.0,73.0
129,125.0,-6.0,77.0,67.0
130,-81.0,5.0,74.0,82.0
131,-164.0,0.0,59.0,90.0
132,-14.0,-9.0,56.0,64.0
133,6.0,-2.0,68.0,56.0
134,153.0,10.0,42.0,75.0
135,-17.0,6.0,72.0,67.0
136,2.0,8.0,75.0,58.0
137,-153.0,17.0,86.0,67.0
138,-175.0,0.0,74.0,87.0
139,14.0,4.0,72.0,67.0
140,165.0,0.0,71.0,72.0
141,-129.0,10.0,61.0,76.0
142,-6.0,17.0,68.0,71.0
143,-9.0,10.0,58.0,68.0
144,-176.0,-1.0,57.0,62.0
145,86.0,-10.0,70.0,97.0
146,137.0,7.0,55.0,95.0
147,-19.0,0.0,62.0,68.0
148,41.0,-2.0,84.0,68.0
149,-124.0,9.0,53.0,59.0
150,-18.0,3.0,47.0,77.0
151,86.0,6.0,79.0,83.0
152,-3.0,-8.0,72.0,62.0
153,-24.0,13.0,72.0,62.0
154,-150.0,26.0,70.0,72.0
155,-83.0,5.0,70.0,69.0
156,39.0,0.0,59.0,82.0
157,11.0,6.0,47.0,80.0
158,-114.0,7.0,67.0,58.0
159,22.0,5.0,79.0,61.0
160,-117.0,-9.0,73.0,70.0
161,-57.0,2.0,100.0,63.0
162,-197.0,-19.0,80.0,60.0
163,-42.0,13.0,72.0,79.0
164,-50.0,-5.0,51.0,61.0
165,-64.0,2.0,80.0,85.0
166,52.0,-10.0,82.0,85.0
167,-32.0,-1.0,77.0,80.0
168,38.0,6.0,51.0,81.0
169,50.0,-10.0,58.0,70.0
170,27.0,-3.0,83.0,65.0
171,-14.0,-3.0,90.0,59.0
172,82.0,-1.0,71.0,73.0
173,10.0,4.0,67.0,96.0
174,68.0,3.0,64.0,61.0
175,-69.0,2.0,45.0,65.0
176,-126.0,-15.0,71.0,58.0
177,93.0,5.0,68.0,54.0
178,119.0,21.0,74.0,80.0
179,-174.0,-22.0,77.0,76.0
180,65.0,0.0,51.0,79.0
181,-38.0,5.0,81.0,73.0
182,-208.0,-2.0,68.0,51.0
183,99.0,-2.0,59.0,71.0
184,32.0,25.0,58.0,88.0
185,-58.0,4.0,66.0,69.0
186,-40.0,-3.0,85.0,61.0
187,15.0,-14.0,72.0,83.0
188,-116.0,12.0,36.0,72.0
189,2.0,17.0,72.0,74.0
190,-9.0,3.0,71.0,65.0
191,-21.0,-12.0,54.0,61.0
192,-133.0,-2.0,89.0,60.0
193,168.0,14.0,75.0,80.0
194,15.0,6.0,80.0,80.0
195,26.0,-8.0,58.0,91.0
196,-173.0,-2.0,58.0,56.0
197,-7.0,11.0,55.0,85.0
198,-62.0,0.0,58.0,50.0
199,44.0,4.0,62.0,83.0
200,217.0,-12.0,83.0,64.0
201,127.0,11.0,56.0,80.0
202,118.0,17.0,54.0,73.0
203,17.0,13.0,64.0,57.0
204,-136.0,8.0,70.0,74.0
205,34.0,5.0,52.0,67.0
206,-80.0,25.0,58.0,74.0
207,-25.0,15.0,57.0,65.0
208,112.0,10.0,60.0,76.0
209,167.0,-20.0,65.0,76.0
210,13.0,-1.0,49.0,57.0
211,145.0,1.0,69.0,78.0
212,-108.0,-7.0,72.0,68.0
213,-38.0,-4.0,72.0,67.0
214,158.0,21.0,64.0,84.0
215,-61.0,-12.0,61.0,63.0
216,28.0,-10.0,56.0,84.0
217,-65.0,14.0,58.0,84.0
218,-53.0,4.0,84.0,68.0
219,147.0,19.0,71.0,69.0
220,68.0,6.0,80.0,79.0
221,-49.0,-2.0,80.0,58.0
222,-308.0,12.0,87.0,86.0
223,89.0,17.0,50.0,78.0
224,-23.0,6.0,73.0,70.0
225,156.0,-12.0,78.0,48.0
226,-240.0,-11.0,86.0,92.0
227,-157.0,8.0,65.0,78.0
228,167.0,3.0,62.0,84.0
229,151.0,-9.0,78.0,66.0
230,187.0,2.0,54.0,65.0
231,-94.0,6.0,81.0,67.0
232,22.0,18.0,59.0,78.0
233,63.0,-24.0,61.0,79.0
234,-118.0,11.0,68.0,72.0
235,-8.0,7.0,64.0,82.0
236,-238.0,-2.0,73.0,65.0
237,-28.0,-24.0,67.0,71.0
238,-106.0,-14.0,58.0,70.0
239,-11.0,11.0,65.0,75.0
240,-33.0,11.0,65.0,86.0
241,-230.0,-13.0,72.0,71.0
242,-29.0,-3.0,60.0,71.0
243,-80.0,11.0,73.0,84.0
244,-90.0,-2.0,64.0,61.0
245,75.0,0.0,70.0,75.0
246,-44.0,0.0,58.0,62.0
247,-115.0,-6.0,62.0,71.0
248,2.0,0.0,58.0,76.0
249,61.0,9.0,66.0,80.0
250,-11.0,-4.0,78.0,72.0
251,302.0,8.0,88.0,89.0
252,-48.0,26.0,83.0,71.0
253,-78.0,13.0,65.0,78.0
254,210.0,11.0,83.0,76.0
255,82.0,1.0,73.0,64.0
0,-28.0,11.0,65.0,83.0
1,64.0,0.0,75.0,94.0
2,43.0,7.0,68.0,65.0
3,40.0,1.0,64.0,77.0
4,-197.0,9.0,66.0,75.0
5,10.0,-7.0,75.0,55.0
6,-43.0,13.0,59.0,75.0
7,-87.0,1.0,59.0,58.0
8,-110.0,-6.0,70.0,63.0
9,-88.0,-9.0,72.0,70.0
10,-184.0,9.0,63.0,77.0
11,129.0,-3.0,67.0,71.0
12,-67.0,17.0,59.0,55.0
13,-5.0,9.0,58.0,69.0
14,94.0,12.0,70.0,61.0
15,-53.0,-5.0,86.0,67.0
16,-120.0,7.0,63.0,79.0
17,-4.0,-5.0,64.0,42.0
18,-35.0,2.0,64.0,60.0
19,-148.0,1.0,67.0,79.0
20,-207.0,-11.0,56.0,76.0
21,-12.0,-5.0,44.0,43.0
22,68.0,11.0,56.0,80.0
23,43.0,14.0,69.0,55.0
24,-25.0,15.0,74.0,76.0
25,128.0,6.0,66.0,55.0
26,97.0,-7.0,45.0,62.0
27,39.0,5.0,66.0,71.0
28,-129.0,-8.0,75.0,70.0
29,-157.0,21.0,69.0,48.0
30,63.0,0.0,88.0,73.0
31,43.0,2.0,70.0,41.0
32,56.0,21.0,55.0,70.0
33,15.0,-3.0,78.0,71.0
34,72.0,0.0,85.0,87.0
35,108.0,9.0,68.0,71.0
36,114.0,22.0,46.0,65.0
37,-101.0,24.0,57.0,82.0
38,146.0,10.0,51.0,62.0
39,3.0,22.0,66.0,86.0
40,-153.0,-1.0,52.0,78.0
41,65.0,-5.0,74.0,56.0
42,-198.0,16.0,54.0,86.0
43,276.0,4.0,49.0,75.0
44,-9.0,32.0,51.0,71.0
45,45.0,15.0,58.0,60.0
46,18.0,8.0,75.0,59.0
47,-59.0,0.0,78.0,73.0
48,14.0,0.0,86.0,67.0
49,-10.0,-8.0,66.0,74.0
50,-71.0,-6.0,78.0,92.0
51,-113.0,-3.0,65.0,84.0
52,47.0,-5.0,90.0,74.0
53,-65.0,7.0,68.0,61.0
54,-145.0,0.0,57.0,59.0
55,-36.0,13.0,72.0,63.0
56,-96.0,15.0,70.0,68.0
57,53.0,10.0,68.0,82.0
58,-169.0,-9.0,85.0,76.0
59,-54.0,18.0,52.0,82.0
60,-45.0,-6.0,48.0,50.0
61,46.0,12.0,70.0,75.0
62,-57.0,-5.0,64.0,80.0
63,-70.0,-2.0,89.0,73.0
64,-11.0,-2.0,59.0,71.0
65,67.0,1.0,80.0,62.0
66,79.0,-14.0,42.0,67.0
67,116.0,5.0,49.0,52.0
68,109.0,-8.0,66.0,64.0
69,-16.0,-13.0,67.0,75.0
70,193.0,20.0,67.0,65.0
71,15.0,6.0,46.0,69.0
72,-85.0,12.0,82.0,54.0
73,159.0,23.0,54.0,53.0
74,-23.0,5.0,68.0,77.0
75,-12.0,-1.0,71.0,72.0
76,-19.0,17.0,60.0,77.0
77,219.0,-23.0,53.0,71.0
78,-222.0,19.0,68.0,59.0
79,-53.0,3.0,64.0,81.0
80,127.0,-1.0,57.0,76.0
81,-125.0,22.0,63.0,68.0
82,-159.0,2.0,94.0,88.0
83,151.0,-16.0,85.0,70.0
84,-66.0,4.0,92.0,72.0
85,-36.0,0.0,71.0,82.0
86,55.0,-5.0,46.0,60.0
87,-56.0,-12.0,54.0,64.0
88,-190.0,14.0,67.0,59.0
89,71.0,-6.0,64.0,66.0
90,-77.0,0.0,65.0,51.0
91,-25.0,-2.0,60.0,91.0
92,216.0,-11.0,57.0,88.0
93,-124.0,-5.0,76.0,91.0
94,-27.0,16.0,60.0,93.0
95,28.0,-1.0,46.0,71.0
96,80.0,15.0,72.0,61.0
97,-171.0,1.0,49.0,67.0
98,-33.0,13.0,88.0,66.0
99,178.0,3.0,73.0,90.0
100,58.0,2.0,58.0,70.0
101,-40.0,16.0,60.0,79.0
102,45.0,-8.0,77.0,102.0
103,-29.0,-4.0,61.0,88.0
104,-22.0,11.0,76.0,75.0
105,101.0,-14.0,42.0,71.0
106,-2.0,11.0,69.0,63.0
107,28.0,2.0,64.0,82.0
108,-17.0,11.0,63.0,70.0
109,-189.0,-5.0,75.0,71.0
110,85.0,0.0,81.0,77.0
111,41.0,0.0,72.0,62.0
112,-129.0,31.0,69.0,76.0
113,-129.0,3.0,62.0,81.0
114,38.0,20.0,65.0,76.0
115,132.0,8.0,49.0,72.0
116,-50.0,4.0,63.0,84.0
117,-99.0,5.0,41.0,62.0
118,-67.0,-4.0,64.0,81.0
119,-21.0,9.0,49.0,68.0
120,-229.0,-4.0,74.0,71.0
121,-103.0,9.0,60.0,72.0
122,132.0,6.0,48.0,72.0
123,21.0,5.0,64.0,60.0
124,-50.0,-1.0,54.0,85.0
125,18.0,27.0,60.0,65.0
126,-166.0,-7.0,65.0,77.0
127,171.0,17.0,60.0,75.0
128,32.0,12.0,55.0,88.0
129,7.0,10.0,63.0,79.0
130,148.0,6.0,74.0,69.0
131,13.0,0.0,63.0,68.0
132,17.0,4.0,65.0,49.0
133,120.0,-4.0,72.0,50.0
134,1.0,3.0,67.0,81.0
135,-149.0,3.0,70.0,71.0
136,153.0,11.0,63.0,67.0
137,63.0,-19.0,59.0,62.0
138,-164.0,17.0,64.0,89.0
139,-126.0,11.0,81.0,72.0
140,86.0,-6.0,80.0,83.0
141,-18.0,0.0,71.0,71.0
142,91.0,22.0,65.0,75.0
143,118.0,5.0,73.0,72.0
144,74.0,-1.0,77.0,72.0
145,-90.0,0.0,57.0,62.0
146,106.0,3.0,74.0,70.0
147,23.0,-8.0,63.0,78.0
148,-40.0,0.0,62.0,71.0
149,307.0,-3.0,61.0,58.0
150,-134.0,2.0,71.0,79.0
151,73.0,-11.0,71.0,76.0
152,31.0,-1.0,68.0,55.0
153,44.0,-7.0,70.0,102.0
154,42.0,-19.0,56.0,63.0
155,-19.0,0.0,74.0,81.0
156,-247.0,0.0,76.0,73.0
157,232.0,10.0,60.0,79.0
158,160.0,-2.0,77.0,79.0
159,-67.0,-2.0,68.0,79.0
160,109.0,4.0,53.0,63.0
161,18.0,0.0,73.0,73.0
162,32.0,6.0,73.0,59.0
163,86.0,6.0,88.0,83.0
164,19.0,7.0,78.0,57.0
165,-44.0,16.0,57.0,45.0
166,-183.0,-2.0,73.0,65.0
167,-139.0,12.0,71.0,76.0
168,-154.0,-3.0,58.0,73.0
169,6.0,-5.0,93.0,65.0
170,-49.0,-16.0,72.0,67.0
171,-81.0,11.0,84.0,63.0
172,107.0,0.0,62.0,70.0
173,46.0,-16.0,86.0,81.0
174,28.0,19.0,71.0,59.0
175,99.0,19.0,60.0,72.0
176,-258.0,4.0,62.0,71.0
177,216.0,-6.0,76.0,71.0
178,132.0,-3.0,47.0,68.0
179,-48.0,11.0,73.0,90.0
180,237.0,0.0,67.0,60.0
181,8.0,0.0,67.0,63.0
182,106.0,26.0,62.0,59.0
183,0.0,-5.0,51.0,75.0
184,-103.0,5.0,70.0,60.0
185,13.0,2.0,75.0,68.0
186,-12.0,5.0,71.0,49.0
187,-87.0,1.0,78.0,66.0
188,-48.0,29.0,75.0,70.0
189,180.0,-2.0,58.0,75.0
190,-144.0,5.0,49.0,65.0
191,-140.0,6.0,79.0,85.0
192,159.0,-2.0,57.0,69.0
193,-57.0,-14.0,75.0,60.0
194,96.0,-3.0,64.0,73.0
195,154.0,6.0,63.0,51.0
196,75.0,5.0,59.0,71.0
197,147.0,-6.0,55.0,80.0
198,-68.0,0.0,53.0,87.0
199,-127.0,13.0,62.0,77.0
200,-36.0,13.0,61.0,91.0
201,-197.0,-2.0,39.0,91.0
202,153.0,21.0,71.0,61.0
203,71.0,-4.0,78.0,75.0
204,-19.0,-2.0,77.0,54.0
205,-302.0,-19.0,58.0,59.0
206,-113.0,7.0,54.0,83.0
207,-53.0,19.0,51.0,69.0
208,14.0,12.0,60.0,56.0
209,94.0,29.0,64.0,60.0
210,28.0,12.0,54.0,68.0
211,-207.0,8.0,83.0,74.0
212,77.0,-9.0,71.0,59.0
213,-74.0,-4.0,67.0,63.0
214,10.0,7.0,67.0,67.0
215,234.0,20.0,74.0,65.0
216,69.0,2.0,73.0,69.0
217,-149.0,13.0,65.0,79.0
218,-204.0,-2.0,67.0,69.0
219,-45.0,-8.0,73.0,62.0
220,-81.0,0.0,55.0,65.0
221,-130.0,0.0,60.0,42.0
222,-65.0,-17.0,58.0,58.0
223,-71.0,1.0,60.0,54.0
224,-117.0,1.0,65.0,60.0
225,-221.0,1.0,87.0,74.0
226,20.0,-29.0,72.0,93.0
227,-34.0,18.0,55.0,85.0
228,-52.0,-6.0,62.0,79.0
229,-62.0,12.0,62.0,76.0
230,-12.0,11.0,88.0,63.0
231,-9.0,7.0,78.0,71.0
